0,0
0,Q,0
1,0
1,Q,0
1,2
1,W,2
1,2
1,U,2
1,3
1,E,3
1,4
1,S,4
1,4
1,D,4
1,5
1,N,5
2,0
2,Q,0
2,1
2,E,1
2,5
2,S,5
3,0
3,Q,0
3,1
3,W,1
4,0
4,Q,0
4,1
4,N,1
4,5
4,E,5
4,5
4,W,5
4,5
4,U,5
4,7
4,S,7
4,7
4,D,7
5,0
5,Q,0
5,4
5,E,4
5,4
5,D,4
5,5
5,W,5
5,5
5,S,5
5,6
5,N,6
6,0
6,Q,0
6,1
6,N,1
6,4
6,E,4
6,4
6,W,4
6,4
6,D,4
6,5
6,S,5
7,0
7,Q,0
7,4
7,N,4
7,5
7,E,5
7,5
7,W,5
7,8
7,S,8
8,0
8,Q,0
8,5
8,E,5
8,5
8,W,5
8,5
8,S,5
8,7
8,N,7
9,0
9,Q,0
9,10
9,W,10
10,0
10,Q,0
10,9
10,E,9
10,11
10,W,11
11,0
11,Q,0
11,10
11,E,10
11,12
11,U,12
11,12
11,W,12
12,0
12,Q,0
12,11
12,D,11
12,11
12,E,11
12,13
12,U,13
12,13
12,W,13
13,0
13,Q,0
13,12
13,E,12
13,14
13,W,14
14,0
14,Q,0
14,13
14,E,13
14,15
14,D,15
14,16
14,W,16
15,0
15,Q,0
15,18
15,S,18
15,17
15,W,17
15,19
15,D,19
15,19
15,N,19
15,14
15,U,14
16,0
16,Q,0
16,14
16,E,14
17,0
17,Q,0
17,15
17,E,15
18,0
18,Q,0
18,15
18,N,15
19,0
19,Q,0
19,15
19,U,15
19,15
19,E,15
19,32
19,N,32
20,0
20,Q,0
21,0
21,Q,0
22,0
22,Q,0
23,0
23,Q,0
23,67
23,E,67
23,68
23,W,68
23,25
23,D,25
24,0
24,Q,0
24,67
24,U,67
25,0
25,Q,0
25,23
25,U,23
26,0
26,Q,0
27,0
27,Q,0
27,40
27,N,40
27,41
27,W,41
28,0
28,Q,0
28,19
28,S,19
28,33
28,N,33
28,36
28,D,36
29,0
29,Q,0
29,19
29,N,19
30,0
30,Q,0
30,19
30,E,19
30,62
30,W,62
30,62
30,U,62
31,0
31,Q,0
32,0
32,Q,0
33,0
33,Q,0
33,28
33,S,28
33,34
33,E,34
33,35
33,W,35
34,0
34,Q,0
34,33
34,D,33
34,15
34,U,15
35,0
35,Q,0
35,33
35,E,33
36,0
36,Q,0
36,37
36,E,37
36,28
36,U,28
36,39
36,W,39
37,0
37,Q,0
37,36
37,W,36
37,38
37,D,38
38,0
38,Q,0
38,37
38,U,37
39,0
39,Q,0
39,36
39,E,36
39,64
39,D,64
40,0
40,Q,0
41,0
41,Q,0
41,42
41,S,42
41,42
41,U,42
41,27
41,E,27
41,59
41,N,59
41,60
41,W,60
42,0
42,Q,0
42,41
42,U,41
42,42
42,N,42
42,43
42,E,43
42,45
42,S,45
42,80
42,W,80
43,0
43,Q,0
43,42
43,W,42
43,44
43,S,44
43,45
43,E,45
44,0
44,Q,0
44,43
44,E,43
44,48
44,D,48
44,50
44,S,50
44,82
44,N,82
45,0
45,Q,0
45,42
45,W,42
45,43
45,N,43
45,46
45,E,46
45,47
45,S,47
45,87
45,U,87
45,87
45,D,87
46,0
46,Q,0
46,45
46,W,45
47,0
47,Q,0
47,45
47,E,45
48,0
48,Q,0
48,44
48,U,44
49,0
49,Q,0
49,50
49,E,50
49,51
49,W,51
50,0
50,Q,0
50,44
50,E,44
50,49
50,W,49
50,51
50,D,51
50,52
50,S,52
51,0
51,Q,0
51,49
51,W,49
51,50
51,U,50
51,52
51,E,52
51,53
51,S,53
52,0
52,Q,0
52,50
52,W,50
52,51
52,E,51
52,52
52,S,52
52,53
52,U,53
52,55
52,N,55
52,86
52,D,86
53,0
53,Q,0
53,51
53,W,51
53,52
53,N,52
53,54
53,S,54
54,0
54,Q,0
54,53
54,W,53
55,0
55,Q,0
55,52
55,W,52
55,55
55,N,55
55,56
55,D,56
55,57
55,E,57
56,0
56,Q,0
56,55
56,U,55
57,0
57,Q,0
57,13
57,D,13
57,55
57,W,55
57,58
57,S,58
57,83
57,N,83
57,84
57,E,84
58,0
58,Q,0
58,57
58,E,57
59,0
59,Q,0
60,0
60,Q,0
60,41
60,E,41
60,41
60,U,41
60,61
60,W,61
60,62
60,N,62
60,62
60,D,62
61,0
61,Q,0
61,60
61,E,60
61,62
61,N,62
62,0
62,Q,0
62,60
62,W,60
62,63
62,N,63
62,30
62,E,30
62,61
62,S,61
63,0
63,Q,0
63,62
63,S,62
64,0
64,Q,0
64,39
64,U,39
64,65
64,W,65
64,103
64,N,103
64,106
64,E,106
65,0
65,Q,0
65,64
65,E,64
65,66
65,W,66
65,39
65,U,39
65,71
65,N,71
65,106
65,D,106
66,0
66,Q,0
66,65
66,NE,65
66,67
66,W,67
66,96
66,E,96
67,0
67,Q,0
67,66
67,E,66
67,23
67,W,23
67,24
67,D,24
68,0
68,Q,0
68,23
68,S,23
68,69
68,U,69
68,65
68,N,65
69,0
69,Q,0
69,68
69,D,68
69,119
69,S,119
69,109
69,N,109
70,0
70,Q,0
70,71
70,N,71
70,65
70,D,65
70,111
70,S,111
71,0
71,Q,0
71,65
71,SE,65
71,70
71,S,70
71,110
71,N,110
72,0
72,Q,0
72,118
72,SW,118
72,73
72,N,73
72,97
72,SE,97
73,0
73,Q,0
73,72
73,S,72
74,0
74,Q,0
74,19
74,E,19
74,121
74,W,121
74,75
74,D,75
75,0
75,Q,0
75,76
75,S,76
75,77
75,N,77
76,0
76,Q,0
76,75
76,N,75
77,0
77,Q,0
77,75
77,E,75
77,78
77,W,78
77,66
77,N,66
78,0
78,Q,0
78,77
78,S,77
79,0
79,Q,0
80,0
80,Q,0
80,42
80,N,42
80,80
80,W,80
80,80
80,S,80
80,81
80,E,81
81,0
81,Q,0
81,80
81,W,80
82,0
82,Q,0
82,44
82,S,44
83,0
83,Q,0
83,57
83,S,57
83,84
83,E,84
83,85
83,W,85
84,0
84,Q,0
84,57
84,N,57
84,83
84,W,83
84,114
84,NW,114
85,0
85,Q,0
85,83
85,E,83
86,0
86,Q,0
86,52
86,U,52
87,0
87,Q,0
87,45
87,U,45
87,45
87,D,45
88,0
88,Q,0
88,25
88,D,25
88,25
88,E,25
88,92
88,W,92
89,0
89,Q,0
90,0
90,Q,0
91,0
91,Q,0
91,95
91,N,95
91,72
91,D,72
92,0
92,Q,0
92,88
92,S,88
92,93
92,E,93
92,94
92,N,94
93,0
93,Q,0
93,92
93,S,92
94,0
94,Q,0
94,92
94,S,92
95,0
95,Q,0
95,94
95,S,94
95,91
95,W,91
96,0
96,Q,0
96,66
96,W,66
97,0
97,Q,0
97,66
97,SE,66
97,72
97,W,72
97,98
97,U,98
97,98
97,N,98
98,0
98,Q,0
98,97
98,S,97
98,99
98,W,99
99,0
99,Q,0
99,98
99,NW,98
99,100
99,E,100
100,0
100,Q,0
100,99
100,W,99
100,101
100,NE,101
101,0
101,Q,0
101,100
101,S,100
102,0
102,Q,0
102,103
102,D,103
103,0
103,Q,0
103,102
103,U,102
103,104
103,D,104
103,64
103,S,64
104,0
104,Q,0
104,103
104,U,103
104,105
104,D,105
105,0
105,Q,0
105,104
105,U,104
106,0
106,Q,0
106,64
106,U,64
106,65
106,W,65
106,108
106,E,108
107,0
107,Q,0
107,131
107,S,131
107,132
107,SW,132
107,133
107,NE,133
107,134
107,SE,134
107,135
107,U,135
107,136
107,NW,136
107,137
107,E,137
107,138
107,W,138
107,139
107,N,139
107,61
107,D,61
108,0
108,Q,0
108,106
108,E,106
109,0
109,Q,0
109,69
109,S,69
109,113
109,N,113
110,0
110,Q,0
110,71
110,W,71
111,0
111,Q,0
111,70
111,N,70
111,45
111,D,45
112,0
112,Q,0
112,131
112,SW,131
112,132
112,N,132
112,133
112,E,133
112,134
112,NW,134
112,135
112,SE,135
112,136
112,NE,136
112,137
112,W,137
112,138
112,D,138
112,139
112,U,139
112,140
112,S,140
113,0
113,Q,0
113,109
113,S,109
114,0
114,Q,0
114,84
114,SE,84
115,0
115,Q,0
115,116
115,SW,116
116,0
116,Q,0
116,115
116,NE,115
117,0
117,Q,0
117,118
117,SW,118
118,0
118,Q,0
118,72
118,D,72
118,117
118,U,117
119,0
119,Q,0
119,69
119,N,69
120,0
120,Q,0
120,69
120,N,69
120,74
120,E,74
121,0
121,Q,0
121,74
121,E,74
122,0
122,Q,0
122,123
122,NE,123
123,0
123,Q,0
123,122
123,W,122
123,124
123,E,124
124,0
124,Q,0
124,123
124,W,123
124,125
124,NE,125
124,128
124,SE,128
124,128
124,D,128
125,0
125,Q,0
125,124
125,S,124
125,126
125,N,126
125,127
125,E,127
126,0
126,Q,0
126,125
126,S,125
127,0
127,Q,0
127,125
127,W,125
128,0
128,Q,0
128,124
128,N,124
128,124
128,U,124
128,129
128,S,129
128,129
128,D,129
129,0
129,Q,0
129,128
129,W,128
129,128
129,U,128
129,130
129,E,130
130,0
130,Q,0
130,129
130,W,129
131,0
131,Q,0
131,107
131,W,107
131,132
131,SE,132
131,133
131,NW,133
131,134
131,SW,134
131,135
131,NE,135
131,136
131,U,136
131,137
131,D,137
131,138
131,N,138
131,139
131,S,139
131,112
131,E,112
132,0
132,Q,0
132,107
132,NW,107
132,131
132,U,131
132,133
132,N,133
132,134
132,S,134
132,135
132,W,135
132,136
132,SW,136
132,137
132,NE,137
132,138
132,E,138
132,139
132,D,139
132,112
132,SE,112
133,0
133,Q,0
133,107
133,U,107
133,131
133,D,131
133,132
133,W,132
133,134
133,NE,134
133,135
133,SW,135
133,136
133,E,136
133,137
133,N,137
133,138
133,NW,138
133,139
133,SE,139
133,112
133,S,112
134,0
134,Q,0
134,107
134,NE,107
134,131
134,N,131
134,132
134,NW,132
134,133
134,SE,133
134,135
134,E,135
134,136
134,D,136
134,137
134,S,137
134,138
134,U,138
134,139
134,W,139
134,112
134,SW,112
135,0
135,Q,0
135,107
135,N,107
135,131
135,SE,131
135,132
135,D,132
135,133
135,S,133
135,134
135,E,134
135,136
135,W,136
135,137
135,SW,137
135,138
135,NE,138
135,139
135,NW,139
135,112
135,U,112
136,0
136,Q,0
136,107
136,E,107
136,131
136,W,131
136,132
136,U,132
136,133
136,SW,133
136,134
136,D,134
136,135
136,S,135
136,137
136,NW,137
136,138
136,SE,138
136,139
136,NE,139
136,112
136,N,112
137,0
137,Q,0
137,107
137,SE,107
137,131
137,NE,131
137,132
137,S,132
137,133
137,D,133
137,134
137,U,134
137,135
137,NW,135
137,136
137,N,136
137,138
137,SW,138
137,139
137,E,139
137,112
137,W,112
138,0
138,Q,0
138,107
138,D,107
138,131
138,E,131
138,132
138,NE,132
138,133
138,U,133
138,134
138,W,134
138,135
138,N,135
138,136
138,S,136
138,137
138,SE,137
138,139
138,SW,139
138,112
138,NW,112
139,0
139,Q,0
139,107
139,SW,107
139,131
139,NW,131
139,132
139,E,132
139,133
139,W,133
139,134
139,N,134
139,135
139,D,135
139,136
139,SE,136
139,137
139,U,137
139,138
139,S,138
139,112
139,NE,112
140,0
140,Q,0
140,112
140,N,112
